00001100000100000000000000111010
00001100000100000000000000101101
00100001100010010000000000000000
00001100000100000000000000111111
00001100000100000000000000101101
00100001100010100000000000000000
00100001010110000000000000000000
00100000000101110000000000000000
00010010111010010000000000000110
00001100000100000000000001000100
00001100000100000000000000101101
10101101010011000000000000000000
00100001010010100000000000000100
00100010111101110000000000000001
00001000000100000000000000001000
00100011000010100000000000000000
00001100000100000000000001010011
00001100000100000000000000101101
00100001100101010000000000000000
00100000000100000000000000000000
00100001001100011111111111111111
00100000000100100000000000000000
00000010001100000110100000101010
00010101101000000000000000010001
00000010001100000101100000100010
00000000000010110101100001000010
00000010000010111001000000100000
00000000000100100111100010000000
00000001010011110111000000100000
10001101110011100000000000000000
00010001110101010000000000000110
00000001110101010110100000101010
00010001101000000000000000000010
00100010010100000000000000000001
00001000000100000000000000010110
00100010010100011111111111111111
00001000000100000000000000010110
00001100000100000000000001001110
00100010010011000000000000000000
00001100000100000000000000110001
00001000000100000000000000101011
00001100000100000000000001001001
00001000000100000000000000101011
00100100000000100000000000001010
00000000000000000000000000001100
00100100000000100000000000000101
00000000000000000000000000001100
00100000010011000000000000000000
00000011111000000000000000001000
00100100000000100000000000000001
00100001100001000000000000000000
00000000000000000000000000001100
00000011111000000000000000001000
00100100000000100000000000000100
00111100000000010001000000000001
00110100001001000000000000000001
00000000000000000000000000001100
00000011111000000000000000001000
00100100000000100000000000000100
00111100000000010001000000000001
00110100001001000000000000000011
00000000000000000000000000001100
00000011111000000000000000001000
00100100000000100000000000000100
00111100000000010001000000000001
00110100001001000000000000101111
00000000000000000000000000001100
00000011111000000000000000001000
00100100000000100000000000000100
00111100000000010001000000000001
00110100001001000000000010000100
00000000000000000000000000001100
00000011111000000000000000001000
00100100000000100000000000000100
00111100000000010001000000000001
00110100001001000000000010010110
00000000000000000000000000001100
00000011111000000000000000001000
00100100000000100000000000000100
00111100000000010001000000000001
00110100001001000000000010100110
00000000000000000000000000001100
00000011111000000000000000001000
00100100000000100000000000000100
00111100000000010001000000000001
00110100001001000000000001100100
00000000000000000000000000001100
00000011111000000000000000001000
